0  8  10 0  0  0  0  0  0  4  0  0  0  0  0
8  0  7  6  3  8  0  6  0  0  0  0  0  11 0
10 7  0  5  0  14 0  0  0  0  10 0  0  0  0
0  6  5  0  0  0  2  0  0  11 0  0  10 35 0
0  3  0  0  0  0  0  0  11 1  0  0  0  0  0
0  8  14 0  0  0  14 0  0  0  5  0  0  6  30
0  0  0  2  0  14 0  6  0  0  0  0  0  20 13
0  6  0  0  0  0  6  0  12 0  15 0  0  0  0
0  0  0  0  11 0  0  12 0  4  0  6  0  0  0
4  0  0  11 1  0  0  0  4  0  0  3  6  0  0
0  0  10 0  0  5  0  15 0  0  0  0  12 0  0
0  0  0  0  0  0  0  0  6  3  0  0  7  0  0
0  0  0  10 0  0  0  0  0  6  12 7  0  0  25
0  11 0  35 0  6  20 0  0  0  0  0  0  0  0
0  0  0  0  0  30 13 0  0  0  0  0  25 0  0
